-6 -5 0 0 
-5.96087 -4.9987 0.0498553 0.252583 
-5.84379 -4.9896 0.0997107 0.505167 
-5.64961 -4.96495 0.149566 0.75775 
-5.41627 -4.99649 -0.415354 0.781777 
-5.1865 -5.13994 -0.690931 0.971344 
-4.96484 -5.38368 -0.966509 1.16091 
-4.71558 -5.6495 -0.670154 1.1987 
-4.38944 -5.83676 -0.373799 1.23649 
-4.01145 -5.92323 -0.0774445 1.27429 
-3.61305 -5.89471 0.21891 1.31208 
-3.22945 -5.7469 0.515265 1.34987 
-2.87276 -5.48861 0.73443 1.49704 
-2.48636 -5.21615 0.495538 1.56051 
-2.07143 -4.9627 0.600936 1.57779 
-1.68122 -4.66376 0.706334 1.59506 
-1.32074 -4.32174 0.811732 1.61233 
-0.994764 -3.93962 0.91713 1.62961 
-0.707773 -3.52091 1.02253 1.64688 
-0.463879 -3.06963 1.12793 1.66415 
-0.266779 -2.59024 1.23332 1.68143 
-0.16967 -2.07809 1.53312 1.69428 
-0.22859 -1.55616 1.83292 1.70713 
-0.440612 -1.07127 2.13272 1.71999 
-0.607204 -0.568824 1.64959 1.72856 
-0.520891 -0.0438982 1.16646 1.73714 
-0.199018 0.382954 0.683336 1.74572 
0.15011 0.800681 1.06438 1.78797 
0.334335 1.32467 1.40029 1.81236 
0.335558 1.88763 1.7362 1.83676 
0.2918 2.45669 1.55909 1.85026 
0.349407 3.02872 1.38198 1.86375 
0.508042 3.58566 1.20487 1.87725 
0.764157 4.1097 1.02775 1.89075 
1.11106 4.58379 0.850639 1.90424 
1.53909 4.99222 0.673525 1.91774 
2.03587 5.32116 0.496412 1.93123 
2.57681 5.57875 0.392436 1.93592 
3.16332 5.69631 0.00362052 1.94771 
3.75561 5.5872 -0.367599 1.96018 
4.27124 5.26864 -0.738818 1.97266 
4.79389 4.95815 -0.333408 1.97637 
5.39775 4.87881 0.0720027 1.98007 
6.01162 4.88541 -0.0504595 1.98305 
