-6 -5 0 0 
-5.99682 -4.99946 0.251374 0.0645251 
-5.9879 -4.99578 0.502749 0.12905 
-5.97496 -4.98622 0.754123 0.193575 
-5.96071 -4.96877 1.0055 0.2581 
-5.94851 -4.94251 1.25687 0.322625 
-5.94202 -4.90771 1.50825 0.38715 
-5.93758 -4.86867 1.4076 0.39909 
-5.92899 -4.8291 1.30696 0.41103 
-5.9161 -4.78946 1.20631 0.42297 
-5.89881 -4.75023 1.10567 0.43491 
-5.87708 -4.71189 1.00502 0.44685 
-5.8502 -4.6726 0.937561 0.505431 
-5.81546 -4.63311 0.763551 0.547901 
-5.7711 -4.59757 0.589541 0.590372 
-5.71753 -4.5682 0.415531 0.632843 
-5.65568 -4.54718 0.24152 0.675314 
-5.58694 -4.53653 0.0675104 0.717785 
-5.51314 -4.53803 -0.1065 0.760256 
-5.43656 -4.5531 -0.28051 0.802727 
-5.35978 -4.58273 -0.45452 0.845198 
-5.28566 -4.62738 -0.62853 0.887668 
-5.21904 -4.68586 -0.812148 0.88784 
-5.16419 -4.75554 -0.995766 0.888011 
-5.12299 -4.83407 -1.17938 0.888183 
-5.09681 -4.91882 -1.363 0.888354 
-5.08654 -5.00694 -1.54662 0.888526 
-5.09254 -5.09547 -1.73024 0.888697 
-5.11461 -5.18144 -1.91386 0.888869 
-5.13416 -5.26824 -1.67124 0.895012 
-5.13228 -5.35781 -1.42863 0.901155 
-5.10878 -5.44489 -1.18602 0.907299 
-5.06474 -5.52432 -0.943402 0.913442 
-5.0025 -5.59129 -0.700787 0.919585 
-4.92548 -5.64168 -0.458173 0.925728 
-4.83803 -5.67229 -0.215559 0.931872 
-4.74518 -5.68105 0.0270552 0.938015 
-4.65234 -5.66717 0.269669 0.944158 
-4.56498 -5.63114 0.512284 0.950301 
-4.47903 -5.5891 0.397968 0.964413 
-4.38752 -5.55665 0.283653 0.978524 
-4.29152 -5.53455 0.169338 0.992635 
-4.19224 -5.52338 0.0550229 1.00675 
-4.09091 -5.52361 -0.0592922 1.02086 
-3.98887 -5.53556 -0.173607 1.03497 
-3.88542 -5.54733 -0.0533085 1.04862 
-3.77995 -5.54659 0.0669903 1.06228 
-3.67396 -5.53303 0.187289 1.07594 
-3.56905 -5.50652 0.307588 1.08959 
-3.46681 -5.46711 0.427887 1.10325 
-3.36882 -5.41508 0.548186 1.1169 
-3.27667 -5.35089 0.668484 1.13056 
-3.19319 -5.27455 0.812815 1.13378 
-3.12135 -5.18676 0.957146 1.137 
-3.06272 -5.08927 1.10148 1.14022 
-3.0114 -4.98731 1.1075 1.14271 
-2.96059 -4.88482 1.11352 1.14519 
-2.91028 -4.7818 1.11955 1.14768 
-2.86049 -4.67826 1.12557 1.15017 
-2.81122 -4.5742 1.13159 1.15265 
-2.76247 -4.46961 1.13761 1.15514 
-2.70562 -4.36773 0.986693 1.18053 
-2.63255 -4.27354 0.835772 1.20591 
-2.54431 -4.18966 0.684851 1.2313 
-2.44238 -4.11855 0.53393 1.25669 
-2.32864 -4.06246 0.38301 1.28207 
-2.20535 -4.02333 0.232089 1.30746 
-2.07507 -4.00279 0.0811681 1.33285 
-1.94064 -4.00205 -0.0697527 1.35823 
-1.80513 -4.0219 -0.220674 1.38362 
-1.66884 -4.04575 -0.125816 1.38459 
-1.53081 -4.05659 -0.0309594 1.38556 
-1.39228 -4.05431 0.0638977 1.38654 
-1.25448 -4.03891 0.158755 1.38751 
-1.11867 -4.0105 0.253612 1.38848 
-0.986074 -3.96933 0.348469 1.38946 
-0.857879 -3.91575 0.443326 1.39043 
-0.73525 -3.85022 0.538183 1.3914 
-0.619298 -3.77332 0.63304 1.39238 
-0.511075 -3.68572 0.727897 1.39335 
-0.410483 -3.58903 0.803288 1.3978 
-0.317163 -3.48471 0.878679 1.40226 
-0.231695 -3.3733 0.95407 1.40671 
-0.154617 -3.2554 1.02946 1.41116 
-0.0864228 -3.13164 1.10485 1.41561 
-0.0275594 -3.00269 1.18024 1.42007 
0.0215782 -2.86925 1.25563 1.42452 
0.0606478 -2.73207 1.33102 1.42897 
0.0893631 -2.59189 1.40642 1.43343 
0.107495 -2.44951 1.48181 1.43788 
0.122059 -2.30634 1.45705 1.44043 
0.140195 -2.16331 1.43229 1.44298 
0.161905 -2.02053 1.40753 1.44553 
0.187187 -1.87808 1.38277 1.44809 
0.216039 -1.73605 1.35801 1.45064 
0.248456 -1.59453 1.33325 1.45319 
0.301768 -1.45947 1.05664 1.46003 
0.364628 -1.32612 1.20343 1.49106 
0.408206 -1.18205 1.35022 1.52208 
0.430697 -1.03008 1.49701 1.5531 
0.430721 -0.873361 1.6438 1.58412 
0.407369 -0.715256 1.79059 1.61514 
0.360249 -0.5593 1.93738 1.64617 
0.289504 -0.409109 2.08417 1.67719 
0.224606 -0.254748 1.85346 1.67922 
0.19669 -0.0894376 1.62276 1.68125 
0.207328 0.0780789 1.39205 1.68328 
0.256048 0.238919 1.16134 1.68531 
0.340357 0.384532 0.930636 1.68735 
0.455868 0.507156 0.69993 1.68938 
0.571647 0.629824 0.928576 1.69154 
0.656719 0.775727 1.15722 1.6937 
0.706569 0.937322 1.38587 1.69587 
0.718511 1.10623 1.61451 1.69803 
0.691824 1.27365 1.84316 1.70019 
0.627802 1.43087 2.0718 1.70235 
0.56632 1.59065 1.80521 1.73176 
0.52586 1.7593 1.80729 1.73696 
0.484929 1.92837 1.80936 1.74217 
0.443523 2.09787 1.81143 1.74737 
0.401642 2.26778 1.8135 1.75257 
0.359284 2.43811 1.81557 1.75778 
0.316446 2.60885 1.81765 1.76298 
0.28461 2.7827 1.68633 1.77427 
0.275754 2.96034 1.55502 1.78557 
0.290326 3.13874 1.42371 1.79686 
0.32837 3.3148 1.29239 1.80816 
0.389519 3.48542 1.16108 1.81945 
0.472999 3.64758 1.02977 1.83075 
0.577636 3.79833 0.898455 1.84204 
0.70187 3.93492 0.767142 1.85334 
0.843781 4.05479 0.635829 1.86463 
0.998109 4.15952 0.5566 1.86647 
1.1604 4.25179 0.477372 1.86831 
1.32966 4.33101 0.398143 1.87016 
1.50482 4.39664 0.318914 1.872 
1.68296 4.45567 0.321022 1.88126 
1.86185 4.51537 0.32313 1.89052 
2.04149 4.57573 0.325239 1.89978 
2.22189 4.63678 0.327347 1.90904 
2.40303 4.6985 0.329455 1.9183 
2.57308 4.78652 0.625668 1.92539 
2.71053 4.92084 0.921881 1.93249 
2.80314 5.09006 1.21809 1.93959 
2.84245 5.27963 1.51431 1.94668 
2.88165 5.46962 1.22033 1.94712 
2.97425 5.64013 0.926351 1.94755 
3.11231 5.77653 0.632372 1.94799 
3.28401 5.8671 0.338394 1.94843 
3.47462 5.90404 0.0444151 1.94887 
3.66781 5.88415 -0.249563 1.9493 
3.84699 5.80912 -0.543542 1.94974 
4.00791 5.69765 -0.667872 1.96799 
4.15513 5.56587 -0.792201 1.98625 
4.30162 5.43185 -0.689711 1.98654 
4.46109 5.3135 -0.58722 1.98683 
4.63185 5.21207 -0.48473 1.98713 
4.81212 5.12864 -0.382239 1.98742 
5 5.06407 -0.279749 1.98771 
5.19353 5.01906 -0.177259 1.988 
5.39069 4.99409 -0.0747681 1.98829 
5.58939 4.98941 0.0277224 1.98858 
5.78747 5.01028 0.182076 1.99885 
5.98647 5.02476 -0.0368057 1.99972 
