-6 -5 0 0 
-5.98634 -4.99963 0.0403524 0.136699 
-5.94541 -4.99706 0.0807049 0.273398 
-5.88621 -4.97557 0.591482 0.363229 
-5.8333 -4.91458 1.10226 0.453059 
-5.7771 -4.83762 0.783371 0.503915 
-5.69138 -4.77625 0.464481 0.55477 
-5.5863 -4.73742 0.244264 0.56778 
-5.4727 -4.72214 0.0240464 0.580791 
-5.35591 -4.73226 -0.196171 0.593801 
-5.24168 -4.76843 -0.416388 0.606811 
-5.13587 -4.82999 -0.636606 0.619822 
-5.03273 -4.89991 -0.555115 0.626558 
-4.92308 -4.96187 -0.473624 0.633295 
-4.80752 -5.01526 -0.392133 0.640032 
-4.68673 -5.05953 -0.310642 0.646768 
-4.56144 -5.09418 -0.229151 0.653505 
-4.43243 -5.11877 -0.14766 0.660242 
-4.3005 -5.13292 -0.0661694 0.666978 
-4.16651 -5.13632 0.0153216 0.673715 
-4.03134 -5.12873 0.0968125 0.680452 
-3.89591 -5.10997 0.178303 0.687189 
-3.75896 -5.0883 0.135661 0.69942 
-3.61879 -5.07221 0.0930179 0.711651 
-3.47561 -5.06194 0.0503752 0.723883 
-3.32969 -5.05771 0.00773248 0.736114 
-3.18126 -5.05973 -0.0349103 0.748346 
-3.03062 -5.06822 -0.077553 0.760577 
-2.87805 -5.08336 -0.120196 0.772808 
-2.72246 -5.057 0.449459 0.826718 
-2.57665 -4.97607 0.563645 0.841861 
-2.43855 -4.87729 0.67783 0.857004 
-2.31036 -4.76138 0.792015 0.872146 
-2.1942 -4.62936 0.9062 0.887289 
-2.09212 -4.48247 1.02039 0.902431 
-2.00601 -4.32224 1.13457 0.917574 
-1.93759 -4.15044 1.24876 0.932716 
-1.8884 -3.96903 1.36294 0.947859 
-1.85974 -3.78021 1.47713 0.963002 
-1.83504 -3.57841 1.42184 1.07037 
-1.79546 -3.35714 1.36656 1.17774 
-1.73449 -3.12932 1.25217 1.18184 
-1.64763 -2.90919 1.13777 1.18593 
-1.53582 -2.6997 1.02338 1.19003 
-1.40036 -2.50366 0.90898 1.19412 
-1.24287 -2.32375 0.794584 1.19821 
-1.06527 -2.16245 0.680188 1.20231 
-0.869748 -2.02199 0.565792 1.2064 
-0.65876 -1.90437 0.451396 1.2105 
-0.43497 -1.81129 0.337001 1.21459 
-0.201232 -1.74413 0.222605 1.21868 
0.0320424 -1.66807 0.407285 1.23842 
0.250842 -1.54858 0.591966 1.25816 
0.447033 -1.38844 0.776646 1.2779 
0.613027 -1.192 0.961327 1.29763 
0.742073 -0.964984 1.14601 1.31737 
0.828524 -0.714407 1.33069 1.33711 
0.868071 -0.448316 1.51537 1.35685 
0.857937 -0.17555 1.70005 1.37658 
0.797021 0.0945634 1.88473 1.39632 
0.771316 0.370379 1.44272 1.39646 
0.866072 0.630708 1.00072 1.3966 
0.975929 0.891511 1.34151 1.44711 
0.992893 1.18407 1.68229 1.49762 
0.965389 1.48418 1.64216 1.5163 
0.949755 1.78889 1.60203 1.53499 
0.946317 2.09772 1.5619 1.55367 
0.955379 2.41017 1.52178 1.57236 
0.977227 2.72573 1.48165 1.59104 
0.979778 3.04745 1.64344 1.62973 
0.929286 3.37301 1.80524 1.66842 
0.824611 3.69354 1.96704 1.70711 
0.731745 4.02325 1.7241 1.72672 
0.720796 4.36952 1.48117 1.74633 
0.794287 4.71209 1.23823 1.76594 
0.949743 5.03044 0.99529 1.78555 
1.17973 5.30505 0.752352 1.80516 
1.47217 5.51857 0.509414 1.82477 
1.81102 5.65696 0.266476 1.84438 
2.17707 5.71033 0.0235385 1.864 
2.55084 5.7117 -0.0161596 1.8739 
2.92634 5.69817 -0.0558577 1.88381 
3.30298 5.66959 -0.0955558 1.89372 
3.68017 5.62586 -0.135254 1.90362 
4.05727 5.56689 -0.174952 1.91353 
4.43369 5.49262 -0.21465 1.92343 
4.80878 5.403 -0.254348 1.93334 
5.18193 5.29804 -0.294046 1.94325 
5.55251 5.17773 -0.333744 1.95315 
5.94144 5.14272 0.152668 1.99071 

