-1.5708 0 
-1.5512 0.297306 
-1.49561 0.546025 
-1.41311 0.705795 
-1.32338 0.655974 
-1.24709 0.50209 
-1.19623 0.27018 
-1.17864 -0.00301284 
-1.19699 -0.275748 
-1.25085 -0.541937 
-1.33423 -0.723783 
-1.43401 -0.790504 
-1.53418 -0.729264 
-1.61843 -0.548965 
-1.67301 -0.279012 
-1.67876 0.191754 
-1.62451 0.631302 
-1.51911 0.967768 
-1.37977 1.14648 
-1.22904 1.14151 
-1.09064 0.960672 
-0.985348 0.639876 
-0.94698 -0.0562988 
-1.02398 -1.11466 
-1.21916 -1.85083 
-1.49279 -2.302 
-1.80139 -2.38033 
-2.09523 -2.08216 
-2.32988 -1.48802 
-2.47432 -0.71352 
-2.51218 0.135922 
-2.43796 0.996223 
-2.25785 1.74752 
-1.99332 2.27439 
-1.68128 2.46227 
-1.37048 2.25322 
-1.11114 1.68458 
-0.942872 0.873526 
-0.889121 -0.0556317 
-0.957024 -0.977535 
-1.13752 -1.7661 
-1.40474 -2.29081 
-1.71708 -2.44798 
-2.02404 -2.21219 
-2.27807 -1.65086 
-2.44423 -0.880652 
-2.49865 0.0505 
-2.43132 0.976475 
-2.2494 1.79457 
-1.97479 2.38037 
-1.64609 2.60862 
-1.31498 2.41538 
-1.0347 1.84166 
-0.8475 1.00627 
-0.778533 0.0441528 
-0.811711 -0.549555 
-0.918542 -1.07673 
-1.08552 -1.46223 
-1.28949 -1.6355 
-1.49957 -1.55253 
-1.68214 -1.21729 
-1.80745 -0.684334 
-1.85531 -0.0421473 
-1.81812 0.606697 
-1.70177 1.15891 
-1.56408 0.93021 
-1.46654 0.549589 
-1.42508 0.0795027 
-1.44643 -0.403475 
-1.52713 -0.820885 
-1.65402 -1.10426 
-1.80641 -1.20809 
-1.95976 -1.12016 
-2.09026 -0.862467 
-2.17865 -0.481529 
-2.18875 0.327933 
-2.09531 1.0928 
-1.91141 1.70101 
-1.66449 2.04646 
-1.3938 2.06044 
-1.14319 1.74431 
-0.962149 1.00748 
-0.887197 0.132934 
-0.915965 -0.570735 
-1.06315 -1.66759 
-1.33906 -2.52257 
-1.70156 -2.97749 
-2.09234 -2.95584 
-2.45188 -2.51745 
-2.73533 -1.81213 
-2.91774 -0.982436 
-2.98909 -0.112376 
-2.94683 0.761028 
-2.74495 2.33268 
-2.3472 3.7399 
-1.79184 4.7013 
-1.15705 4.93146 
-0.541261 4.44489 
-0.0178622 3.57749 
0.387982 2.68255 
0.686581 1.94391 
0.902132 1.40496 
1.05185 0.924748 
1.14835 0.578059 
1.20595 0.319449 
1.23356 0.110803 
1.23552 -0.0803216
