-1.5708 0 
-1.56191 0.176207 
-1.53613 0.335271 
-1.49595 0.46174 
-1.44528 0.543422 
-1.38902 0.572664 
-1.33258 0.547111 
-1.28133 0.469811 
-1.24008 0.348661 
-1.21267 0.195375 
-1.2016 0.0242499 
-1.21272 -0.2449 
-1.24984 -0.491668 
-1.30953 -0.692945 
-1.38624 -0.829021 
-1.47269 -0.8858 
-1.56054 -0.856853 
-1.64127 -0.744589 
-1.70202 -0.460558 
-1.73189 -0.132061 
-1.72801 0.209138 
-1.69074 0.530211 
-1.62368 0.800029 
-1.53333 0.99213 
-1.42848 1.08785 
-1.33901 0.687218 
-1.29322 0.221351 
-1.29543 -0.265303 
-1.34544 -0.727028 
-1.43853 -1.11965 
-1.57303 -1.54852 
-1.7432 -1.82702 
-1.93259 -1.93098 
-2.12353 -1.85969 
-2.29938 -1.63428 
-2.4464 -1.28948 
-2.55456 -0.863254 
-2.61748 -0.389576 
-2.60032 0.731206 
-2.4725 1.81353 
-2.24135 2.78284 
-1.92308 3.5374 
-1.54465 3.9703 
-1.17645 3.33483 
-0.887696 2.39993 
-0.702589 1.28071 
-0.634304 0.0781203 
-0.68712 -1.12918 
-0.857756 -2.26419 
-1.13432 -3.22921 
-1.49407 -3.90902 
-1.88165 -3.77984 
-2.23839 -3.30357 
-2.5339 -2.57369 
-2.74826 -1.69698 
-2.8711 -0.753346 
-2.87472 0.68119 
-2.7355 2.09587 
-2.45837 3.42349 
-2.05796 4.53446 
-1.56448 5.2571 
-1.02341 5.47967 
-0.483567 5.25734 
0.020104 4.79747 
0.468763 4.19359 
0.823882 2.9439 
1.06449 1.90011 
1.20931 1.01776 
1.27115 0.22867 
1.28201 -0.00976263 

