-1.5708 0 
-1.55372 0.338806 
-1.50414 0.644659 
-1.42688 0.887977 
-1.3294 1.0459 
-1.221 1.10513 
-1.11175 1.06341 
-1.04139 0.333661 
-1.04596 -0.424438 
-1.12507 -1.14639 
-1.27186 -1.76693 
-1.47296 -2.22286 
-1.70924 -2.46422 
-1.95789 -2.46936 
-2.19569 -2.25272 
-2.40247 -1.85779 
-2.56314 -1.33959 
-2.63582 -0.107759 
-2.58452 1.12945 
-2.41193 2.3056 
-2.12849 3.3279 
-1.79403 3.31087 
-1.47676 2.9827 
-1.20711 2.36737 
-1.0105 1.53619 
-0.904142 0.576731 
-0.896644 -0.427733 
-0.988587 -1.399 
-1.17261 -2.25492 
-1.43279 -2.90774 
-1.70078 -2.40833 
-1.9067 -1.67721 
-2.03106 -0.791254 
-2.06263 0.164473 
-1.99864 1.10591 
-1.84474 1.94849 
-1.60327 2.84182 
-1.28558 3.46048 
-0.921901 3.76015 
-0.543228 3.772 
-0.173832 3.59485 
0.100432 1.88918 
0.204466 0.194212 
0.139388 -1.49768 
-0.0956258 -3.20377 
-0.500108 -4.86706 
-1.06119 -6.29099 
-1.66759 -5.74065 
-2.19101 -4.6481 
-2.58486 -3.18533 
-2.85107 -2.12124 
-2.98294 -0.511492 
-2.95306 1.10816 
-2.76923 2.56037 
-2.44419 3.91386 
-1.99477 5.01633 
-1.45571 5.67839 
-0.87715 5.8064 
-0.308754 5.51008 
0.219378 5.04891 
0.65546 3.7032 
0.967189 2.56842 
1.17599 1.63752 
1.31933 1.25146 
1.41151 0.607008 
1.44269 0.0216473 

