-1.5708 0 
-1.56422 0.099838 
-1.54555 0.183352 
-1.51785 0.236899 
-1.48564 0.251769 
-1.45418 0.225622 
-1.42858 0.162826 
-1.41299 0.0736639 
-1.40994 -0.0274017 
-1.41992 -0.124042 
-1.44132 -0.200618 
-1.44628 0.12539 
-1.4096 0.431081 
-1.33722 0.667308 
-1.24072 0.797563 
-1.13523 0.804556 
-1.09364 -0.172616 
-1.17901 -1.12429 
-1.3785 -1.90426 
-1.66081 -2.37889 
-1.95785 -2.12972 
-2.20048 -1.55798 
-2.39206 -1.35889 
-2.54715 -1.00665 
-2.52533 1.3397 
-2.20469 3.54616 
-1.68072 4.41193 
-1.08838 4.578 
-0.518921 4.09654 
-0.0379464 3.27564 
0.331469 2.41954 
0.596519 1.68353 
0.775867 1.09986 
0.887987 0.642673 
0.946542 0.268059 
0.978808 0.233951 
1.00877 0.232385 
1.04065 0.263811 
1.07901 0.333454 
1.12948 0.452496 
1.15184 -0.104219 
1.1017 -0.676785 
1.00336 -0.854212 
0.874408 -1.15173 
0.697565 -1.59552 
0.452279 -2.20656 
0.11713 -2.96985 
-0.322029 -3.77742 
-0.831573 -4.00309 
-1.34198 -3.75361 
-1.78182 -2.91991 
-2.08087 -1.62147 
-2.19318 -0.0864086 
-2.10282 1.46056 
-1.82254 2.79652 
-1.39501 3.69035 
-0.888603 4.00291 
-0.355015 4.14035 
0.11091 3.01645 
0.431174 1.92931 
0.586255 0.472836 
0.555919 -0.943072 
0.337633 -2.43558 
-0.0826103 -4.04193 
-0.615589 -4.1193 
-1.13689 -3.81589 
-1.58345 -2.96154 
-1.88595 -1.62886 
-1.99584 -0.0401434 
-1.89612 1.55469 
-1.6022 2.90572 
-1.16119 3.78712 
-0.743749 2.56329 
-0.50742 1.04352 
-0.384936 0.829639 
-0.29397 0.563426 
-0.239636 0.269455 
-0.224382 -0.0355053 
-0.24881 -0.339103 
-0.311936 -0.628382 
-0.410784 -0.884963 
-0.565754 -1.48384 
-0.79081 -1.94865 
-1.06247 -2.18462 
-1.34524 -2.10952 
-1.61021 -1.91075 
-1.82847 -1.4012 
-1.96485 -0.669465 
-1.9981 0.164428 
-1.92317 0.973534 
-1.75152 1.63204 
-1.51028 2.02814 
-1.312 0.980598 
-1.26211 -0.223184 
-1.3685 -1.39178 
-1.61423 -2.33657 
-1.9542 -2.82303 
-2.32972 -2.88708 
-2.68995 -2.60994 
-3.00007 -2.14204 
-3.12991 0.14615 
-2.96213 2.43226 
-2.50137 4.61878 
-1.89335 4.63132 
-1.32792 3.94814 
-0.893927 2.64662 
-0.654779 0.997419 
-0.639121 -0.758515 
-0.848616 -2.43466 
-1.25882 -3.80091 
-1.69685 -2.84538 
-1.97859 -1.43146 
-2.05956 0.20124 
-1.92755 1.80408 
-1.60264 3.12698 
-1.13664 3.94537 
-0.601918 4.19456 
-0.0627771 4.06286 
0.336073 2.08587 
0.483949 0.202004 
0.389224 -1.66803 
0.0461281 -3.62696 
-0.505111 -4.82806 
-1.13664 -4.79026 
-1.72027 -4.06651 
-2.16558 -2.69684 
-2.40529 -0.95278 
-2.40856 0.902814 
-2.17503 2.65304 
-1.73458 4.03685 
-1.15354 4.78033 
-0.522178 4.834 
0.0557764 4.03007 
0.52677 3.24504 
0.910886 2.7181 
1.24882 2.54396 
1.48944 1.20786 
1.57155 0.0728123 

