-1.5708 0 
-1.56328 0.149056 
-1.54147 0.28361 
-1.50748 0.390584 
-1.46462 0.45964 
-1.41704 0.484236 
-1.36933 0.462276 
-1.32606 0.396236 
-1.29434 0.233106 
-1.28017 0.0481238 
-1.28487 -0.141353 
-1.308 -0.317612 
-1.34739 -0.46399 
-1.39932 -0.566312 
-1.45884 -0.614329 
-1.5202 -0.602958 
-1.57747 -0.533013 
-1.62507 -0.411218 
-1.66808 -0.442008 
-1.71204 -0.429999 
-1.7527 -0.376566 
-1.78615 -0.287084 
-1.78966 0.217509 
-1.74334 0.701385 
-1.65163 1.11792 
-1.52338 1.42607 
-1.37104 1.59589 
-1.20928 1.61388 
-1.0785 0.982383 
-1.01564 0.265891 
-1.02606 -0.472858 
-1.10889 -1.1718 
-1.25699 -1.76788 
-1.45699 -2.20004 
-1.6899 -2.42014 
-1.93322 -2.4076 
-2.16411 -2.17668 
-2.36267 -1.76964 
-2.48979 -0.759104 
-2.51296 0.297872 
-2.4308 1.33714 
-2.24842 2.28897 
-1.97886 3.06475 
-1.64463 3.56686 
-1.27699 3.72621 
-0.910914 3.54227 
-0.601867 2.60422 
-0.394969 1.51774 
-0.3003 0.370454 
-0.321256 -0.788544 
-0.457154 -1.92111 
-0.702624 -2.96648 
-1.04412 -3.82095 
-1.45607 -4.3543 
-1.90103 -4.47279 
-2.31902 -3.82861 
-2.65758 -2.90918 
-2.89633 -1.8522 
-3.02645 -0.746576 
-3.04533 0.369465 
-2.9527 1.48102 
-2.75011 2.5615 
-2.4437 3.54098 
-2.04313 4.41949 
-1.57256 4.91748 
-1.07545 4.94631 
-0.598491 4.53523 
-0.174658 3.91562 
0.1823 3.22396 
0.471933 2.58401 
0.702873 2.05575 
0.887397 1.65627 
1.03832 1.38241 
1.16778 1.22565 
1.2732 0.898929 
1.35038 0.656934 
1.40669 0.47823 
1.44758 0.346145 
1.47705 0.248018 
1.49799 0.174306 

