-1.5708 0 
-1.54011 0.60876 
-1.45102 1.15837 
-1.31217 1.59637 
-1.13676 1.88484 
-0.940751 2.00768 
-0.740495 1.97306 
-0.607155 0.680237 
-0.605748 -0.652234 
-0.736357 -1.94676 
-0.990761 -3.10988 
-1.34982 -4.01736 
-1.78155 -4.54691 
-2.23814 -4.5176 
-2.61662 -3.01196 
-2.83543 -1.35004 
-2.8852 0.356899 
-2.76437 2.05355 
-2.4771 3.66884 
-2.03814 5.05541 
-1.48066 6.00537 
-0.856171 6.39112 
-0.244146 5.79778 
0.298693 5.06174 
0.737141 3.74291 
1.05531 2.66104 
1.27686 1.80334 
1.42161 1.11477 
1.50343 0.534836 
1.53033 0.00760826 

