-1.5708 0 
-1.59563 -0.376734 
-1.66606 -0.691922 
-1.77062 -0.894647 
-1.89243 -0.95424 
-1.98355 -0.429533 
-2.00129 0.160067 
-1.94298 0.725652 
-1.81746 1.17998 
-1.64434 1.44694 
-1.45152 1.47853 
-1.27037 1.27067 
-1.1298 0.864055 
-1.04361 0.445734 
-1.01667 -0.0362073 
-1.0528 -0.513056 
-1.13536 -0.741387 
-1.24076 -0.859456 
-1.39767 -1.52208 
-1.62582 -1.93955 
-1.8882 -2.04212 
-2.12812 -1.60277 
-2.29517 -0.938856 
-2.36714 -0.157338 
-2.33528 0.642715 
-2.20339 1.36488 
-1.98832 1.90436 
-1.72068 2.15864 
-1.41494 2.48 
-1.09324 2.40426 
-0.805029 1.98007 
-0.60771 1.02856 
-0.541918 -0.0238963 
-0.613832 -1.07421 
-0.81667 -2.01828 
-1.12796 -2.71628 
-1.50543 -3.01339 
-1.89017 -2.82473 
-2.22081 -2.20007 
-2.4496 -1.28472 
-2.54035 -0.0999113 
-2.47516 1.09471 
-2.25525 2.25591 
-1.90124 3.12487 
-1.46377 3.51323 
-1.01244 3.34001 
-0.615497 2.70577 
-0.320275 1.80815 
-0.149674 0.808275 
-0.111101 -0.215863 
-0.205596 -1.23486 
-0.442705 -2.3973 
-0.821252 -3.37947 
-1.30362 -3.95248 
-1.82203 -3.91338 
-2.29437 -3.26517 
-2.6534 -2.21158 
-2.86168 -0.976438 
-2.90518 0.30951 
-2.79792 1.33431 
-2.56792 2.18273 
-2.23904 2.83018 
-1.84794 3.1129 
-1.45086 2.91195 
-1.11131 2.24285 
-0.862722 1.53759 
-0.71997 0.637107 
-0.700137 -0.334712 
-0.80542 -1.26981 
-1.02365 -2.05096 
-1.32612 -2.54321 
-1.66737 -2.63439 
-1.99249 -2.30063 
-2.2644 -1.8337 
-2.45911 -1.13291 
-2.55376 -0.311346 
-2.5388 0.539771 
-2.38089 1.86859 
-2.06237 2.97824 
-1.62531 3.65656 
-1.1374 3.74818 
-0.674806 3.29177 
-0.296342 2.49367 
-0.0319345 1.56531 
0.110073 0.620789 
0.129879 -0.315545 
0.0277785 -1.25708 
-0.210765 -2.40857 
-0.594489 -3.46351 
-1.09718 -4.19096 
-1.6578 -4.31766 
-2.18958 -3.75806 
-2.61306 -2.69696 
-2.88074 -1.39968 
-2.97414 -0.0333206 
-2.89147 1.30172 
-2.6441 2.48521 
-2.27308 3.17332 
-1.83633 3.46408 
-1.39601 3.21665 
-1.02242 2.45694 
-0.755432 1.60665 
-0.612693 0.570302 
-0.609567 -0.522589 
-0.746364 -1.56387 
-1.00845 -2.4256 
-1.36233 -2.94905 
-1.75477 -3.00518 
-2.12276 -2.58342 
-2.41073 -1.80019 
-2.55554 -0.408966 
-2.51538 1.02199 
-2.29426 2.3486 
-1.91751 3.37903 
-1.43828 3.89287 
-0.973341 3.1681 
-0.633336 2.01115 
-0.459204 0.648842 
-0.466807 -0.765101 
-0.655536 -2.11736 
-1.00784 -3.2478 
-1.48032 -3.92647 
-2.00119 -3.97824 
-2.48916 -3.44847 
-2.84192 -1.94498 
-2.99035 -0.331802 
-2.92776 1.29248 
-2.65655 2.86078 
-2.19394 4.19252 
-1.59079 4.9661 
-0.937431 4.95429 
-0.330752 4.30386 
0.171258 3.41155 
0.559982 2.59862 
0.837274 1.70544 
1.0124 1.01858 
1.1083 0.474576 
1.13885 0.00123676 

