-1.5708 0 
-1.58606 -0.302709 
-1.63035 -0.575975 
-1.69642 -0.734671 
-1.77492 -0.822502 
-1.8583 -0.832013 
-1.93872 -0.763893 
-2.00876 -0.626346 
-2.06577 -0.505546 
-2.10842 -0.341344 
-2.13309 -0.148507 
-2.12343 0.340294 
-2.06598 0.800677 
-1.9656 1.19209 
-1.83114 1.47611 
-1.67501 1.62136 
-1.51211 1.61001 
-1.35824 1.44258 
-1.22819 1.13797 
-1.13414 0.728808 
-1.10078 -0.0666303 
-1.14727 -0.856227 
-1.26869 -1.55377 
-1.45318 -2.10652 
-1.6832 -2.45619 
-1.93651 -2.56969 
-2.18935 -2.45079 
-2.37862 -1.31131 
-2.44861 -0.0808527 
-2.39462 1.15483 
-2.22025 2.31161 
-1.93835 3.2862 
-1.57956 3.83215 
-1.1843 4.00964 
-0.789623 3.83023 
-0.427096 3.38663 
-0.116928 2.80328 
0.132412 2.18396 
0.32074 1.5896 
0.45193 1.04231 
0.493963 -0.198471 
0.455212 -0.579452 
0.377248 -0.985003 
0.235153 -1.864 
0.00310816 -2.78156 
-0.321062 -3.69371 
-0.727548 -4.40306 
-1.19213 -4.82667 
-1.67843 -4.82094 
-2.14089 -4.35727 
-2.53798 -3.53809 
-2.84187 -2.51835 
-3.0391 -1.42002 
-3.12532 -0.303649 
-3.0998 0.81404 
-2.96267 1.92617 
-2.73724 2.57189 
-2.45165 3.11576 
-2.12058 3.465 
-1.76824 3.52831 
-1.4261 3.25847 
-1.1285 2.64718 
-0.90447 1.80228 
-0.772697 0.817211 
-0.742914 -0.224898 
-0.817172 -1.25175 
-0.990253 -2.18769 
-1.22277 -2.42867 
-1.46857 -2.4482 
-1.70451 -2.23195 
-1.90778 -1.8011 
-2.05919 -1.20449 
-2.1452 -0.50353 
-2.15851 0.239082 
-2.09803 0.962075 
-1.9896 1.19083 
-1.86341 1.31356 
-1.73098 1.314 
-1.60483 1.18841 
-1.49716 0.947403 
-1.41842 0.614486 
-1.37624 0.222404 
-1.38269 -0.350376 
-1.45088 -1.00237 
-1.57992 -1.55745 
-1.7573 -1.96132 
-1.96593 -2.1785 
-2.18648 -2.20091 
-2.40027 -2.04872 
-2.56085 -1.14677 
-2.64384 -0.506207 
-2.66129 0.158674 
-2.61235 0.816163 
-2.49942 1.43232 
-2.29453 2.64286 
-1.97737 3.65676 
-1.5741 4.34429 
-1.12252 4.61558 
-0.66438 4.48908 
-0.233685 4.09451 
0.151362 3.60399 
0.488796 3.16212 
0.764824 2.38498 
0.971136 1.767 
1.12298 1.29134 
1.23321 0.929965 
1.31185 0.655028 
1.3663 0.442574 
1.40179 0.272923 
1.42176 0.129858 
1.42818 -0.000513823 
