-1.5708 0 
-1.59678 -0.394233 
-1.67049 -0.724066 
-1.77991 -0.936279 
-1.90937 -1.02891 
-2.04052 -0.962979 
-2.15362 -0.75629 
-2.23263 -0.445625 
-2.26696 -0.0768314 
-2.25219 0.30173 
-2.19019 0.641496 
-2.08914 0.895095 
-1.96302 1.02102 
-1.76908 1.92329 
-1.4764 2.51731 
-1.13233 2.70553 
-0.790328 2.49654 
-0.495925 1.9954 
-0.278441 1.33325 
-0.152029 0.605938 
-0.182501 -1.07372 
-0.429556 -2.71185 
-0.87902 -4.14575 
-1.43073 -4.23541 
-1.9508 -3.65638 
-2.35729 -2.52569 
-2.59449 -1.09274 
-2.63715 0.440902 
-2.48146 1.93638 
-2.14244 3.22652 
-1.66201 4.06867 
-1.11309 4.26202 
-0.569097 4.02157 
-0.0911984 3.29839 
0.285993 2.51273 
0.566937 1.83435 
0.76988 1.31463 
0.915284 0.945398 
1.02107 0.700652 
1.10176 0.555663 
1.16913 0.493686 
1.23341 0.507953 
1.30467 0.602746 
1.36606 0.354412 
1.39933 0.164293 
1.41848 0.134402 
1.43407 0.108774 
1.44754 0.101257 
1.46113 0.110629 
1.47537 0.111408 
1.51647 0.529712 
1.55468 0.0661191 
1.56125 0.0363609 

