-1.5708 0 
-1.58414 -0.264721 
-1.59997 -0.0491803 
-1.59382 0.171145 
-1.56629 0.37482 
-1.52007 0.542031 
-1.45965 0.656592 
-1.39088 0.707694 
-1.33564 0.388223 
-1.31446 0.0319406 
-1.32935 -0.327356 
-1.3789 -0.655655 
-1.45839 -0.921254 
-1.56017 -1.09778 
-1.6705 -1.09081 
-1.7748 -0.978306 
-1.86305 -0.772568 
-1.92691 -0.494727 
-1.96048 -0.171629 
-1.96071 0.166978 
-1.92759 0.490497 
-1.86411 0.769158 
-1.77615 0.976054 
-1.664 1.24885 
-1.53043 1.40075 
-1.3884 1.4167 
-1.25162 1.29725 
-1.13296 1.0579 
-1.04316 0.72502 
-0.990001 0.330828 
-0.986762 -0.266485 
-1.04257 -0.84193 
-1.15277 -1.34603 
-1.30776 -1.72995 
-1.49332 -1.95135 
-1.69171 -1.98399 
-1.87192 -1.59137 
-2.00504 -1.0506 
-2.07893 -0.416491 
-2.08715 0.253375 
-2.02898 0.901583 
-1.90947 1.47052 
-1.7394 1.90409 
-1.53476 2.15528 
-1.31533 2.19771 
-1.10175 2.04122 
-0.913015 1.70746 
-0.764676 1.24131 
-0.667574 0.690329 
-0.628018 0.096896 
-0.648382 -0.502208 
-0.727459 -1.07115 
-0.86027 -1.56961 
-1.03749 -1.95123 
-1.24504 -2.16894 
-1.4861 -2.6137 
-1.75933 -2.80628 
-2.03842 -2.73239 
-2.29789 -2.42184 
-2.51688 -1.93413 
-2.68099 -1.33425 
-2.78176 -0.67465 
-2.81512 0.0092151 
-2.76297 1.03084 
-2.61024 2.0129 
-2.36379 2.89173 
-2.03856 3.57012 
-1.65895 3.96247 
-1.25882 3.97545 
-0.876095 3.62434 
-0.543016 3.00194 
-0.280832 2.22475 
-0.100159 1.38324 
-0.00469329 0.525322 
0.00487531 -0.333943 
-0.0663017 -1.08929 
-0.212706 -1.83556 
-0.440441 -2.70737 
-0.750329 -3.46217 
-1.12515 -3.98499 
-1.53451 -4.13739 
-1.93928 -3.89306 
-2.30136 -3.29808 
-2.59086 -2.46192 
-2.78946 -1.49595 
-2.8883 -0.476212 
-2.88429 0.556362 
-2.77752 1.57373 
-2.57144 2.53287 
-2.27548 3.35458 
-1.89971 4.10763 
-1.46654 4.48565 
-1.01696 4.43678 
-0.591383 4.02482 
-0.219338 3.39234 
0.0845777 2.68281 
0.31787 1.99078 
0.484706 1.35665 
0.586601 0.689798 
0.613345 -0.152447 
0.555829 -1.00308 
0.411032 -1.90396 
0.17263 -2.87545 
-0.16553 -3.88821 
-0.588201 -4.54009 
-1.06532 -4.94519 
-1.56329 -4.93598 
-2.03664 -4.45596 
-2.44159 -3.59126 
-2.74546 -2.46066 
-2.9305 -1.23117 
-2.99078 0.027193 
-2.92507 1.28508 
-2.73474 2.51216 
-2.42601 3.63597 
-2.01541 4.52291 
-1.53465 5.01563 
-1.02839 5.03063 
-0.544315 4.59527 
-0.117126 3.92613 
0.239289 3.20593 
0.526428 2.55448 
0.754315 2.02554 
0.936045 1.63127 
1.08486 1.36562 
1.21313 1.21877 
1.31017 0.737283 
1.36292 0.325983 
1.37642 -0.0538462 
